-0.6258808833035787
-0.5577568961088367
-0.7970140724588747
-0.0883867600681678
-0.25666452256780004
-0.2726247723122885
0.07976546487417813
-0.08694115045121238
0.01795746064922296
-0.9010153795154388
-0.5203059490322721
-0.4515063034609075
-1.315813687488245
-1.2609855185456587
-1.3409920814784135
-2.097459521437144
-1.9130493783653146
-1.1084185198290213
-1.0400179001739969
-1.4774203853796963
-1.6482380812412352
-1.8426923107913242
-0.8621825879553113
-2.047679316628288